{
  "advancedEditorSelectedIdentifier" : "ProjectBrowser",
  "openSceneRelativePaths" : [
    "Scene_Tutorial_1.usda",
    "Scenes\/StaticLevelBoundary.usda",
    "SourceAssets\/Models\/Platforms_Container.usdc",
    "Scene.usda",
    "GameAssets\/Butte_1.usda",
    "GameAssets\/Skydome.usda",
    "GameAssets\/RockFriend_Bowie.usda",
    "Materials\/RockFriendMaterial.usda",
    "GameAssets\/Platforms.usda",
    "GameAssets\/PlatformVertexColors.usdc",
    "GameAssets\/Ground.usda",
    "Scenes\/LevelCollider.usda",
    "SourceAssets\/Models\/Platform_Boundary.usdc",
    "GameAssets\/BakedDirectionalLightSource.usda",
    "GameAssets\/CharacterRock.usda",
    "Scenes\/CharacterRock.usda",
    "Scenes\/Checkpoint.usda",
    "Scenes\/SpeechBubble.usda",
    "Scenes\/RockPickup.usda"
  ],
  "recentIdentifiers" : {
    "15802767-1CCC-4196-97C4-77BE712E3A47" : [

    ],
    "15CDD46B-1746-4FB2-A965-6BD0D09986E1" : [

    ],
    "19A3AB8B-0D65-4682-8D10-FF12F43B10AC" : [

    ],
    "1CC5162A-D388-4AE4-9CD2-424BBDC6D1AB" : [

    ],
    "1F691A1F-87FE-4486-A89A-33C832239C58" : [

    ],
    "2462B4D1-3729-4740-A527-08AF2D4079AE" : [

    ],
    "262C6CA9-A585-497F-BAA6-16A531D55F94" : [

    ],
    "2934969C-5C9A-47B7-A77B-32AE92BA34B3" : [

    ],
    "324C4066-3FF1-4B99-AD52-D10182247D78" : [

    ],
    "3CC0A643-31A5-41A0-A9AC-BE27D8566D43" : [

    ],
    "3FCF8B09-E7DF-42B3-A94F-C896653BE0A4" : [

    ],
    "4AD00447-989D-48E7-AE69-54EC0BFCA859" : [

    ],
    "56D8DF75-4DA3-4FA1-BFDA-CAC0EA80C5E8" : [

    ],
    "5DF83263-5855-40B2-A23A-1552072126BC" : [

    ],
    "5E8FFB51-CC3E-46F7-8947-DBB97F5706E6" : [

    ],
    "607729ED-1F8D-425F-8468-72E217771D8C" : [

    ],
    "6710D2F8-AF51-4EEB-AA38-5938DF5D2DE2" : [

    ],
    "6792E6DD-3409-42EF-AF8A-944D0F632FB8" : [

    ],
    "6C174039-A6B4-4C20-AD95-74CE103BF8A8" : [

    ],
    "6CB067F7-B86E-454D-B282-540C0DF93B67" : [

    ],
    "6D77B423-EC51-4448-94BD-378DA48A55F5" : [

    ],
    "7BAD1749-A606-45EB-8FD1-184D76A389BA" : [

    ],
    "7CFF08E1-FFBC-4DFC-86B5-F766B0739804" : [

    ],
    "80F2679D-6777-42B8-BAD2-26C3AD59934D" : [

    ],
    "83C78023-A2A0-41C3-979B-876E928FD95E" : [

    ],
    "8A8E813D-D902-41C9-AD49-98227D97E375" : [

    ],
    "8AFBF4A7-0B2E-496D-A61B-A4E8569EBEEF" : [

    ],
    "90A94702-C0E7-46E2-B48F-FFB5A5DCECB9" : [

    ],
    "93F752C6-58FF-4D08-A879-BB18AAB6CD6E" : [

    ],
    "95AB0B73-537C-4DD8-8C44-89972A566F7B" : [

    ],
    "965CD174-CE42-45D1-ADF6-E74442B7AE56" : [

    ],
    "9BB1E0F2-D9D9-4F26-B12F-BF85BE8166CD" : [

    ],
    "A5B2051C-2508-4F19-848F-B4E1DB4D4F7A" : [

    ],
    "A7C90E85-A3E0-4BAD-A9A0-D90DA781B698" : [

    ],
    "ACC3C959-25CF-490C-B61C-58A442BC8F97" : [

    ],
    "AE4076A2-74AC-48D2-9AB5-C61D24AB3D24" : [

    ],
    "B1E396EA-C254-49E4-9D3B-60830BC7B88A" : [

    ],
    "B7C88FA8-484D-4A89-AC75-9426079EF9BD" : [

    ],
    "BD3C330F-9ABB-4693-85FC-8894BB1382C1" : [

    ],
    "BDD60811-5B87-4DBA-9F3C-2D5387E6BCAB" : [

    ],
    "CB3907FF-54EA-49EB-A7C5-391692B5B7D8" : [

    ],
    "CC3D359F-B04E-4CEB-8C51-C587109A8D28" : [

    ],
    "D66134B1-3681-4A8E-AFE5-29F257229F3B" : [

    ],
    "D89127EB-7F31-4042-B06C-7FD9889240F5" : [

    ],
    "D9C1061E-5A54-43D5-A586-207B74D41124" : [

    ],
    "E699EB01-F320-47AF-9170-4E97EE8AFC53" : [

    ],
    "E7A50CD0-1C3B-4D12-95D0-07A84387B585" : [

    ],
    "E8DAF91E-EC33-4949-AE31-A02B18C1E238" : [

    ],
    "EA4CC115-592C-45AF-AA6E-8F29D9D65250" : [

    ],
    "FED39BCD-7889-4B25-A8B6-813BF41264C4" : [

    ]
  },
  "sceneCameraHistory" : {
    "19A3AB8B-0D65-4682-8D10-FF12F43B10AC" : [
      {
        "date" : 768893258.024912,
        "title" : "Untitled",
        "transform" : [
          0.8557416,
          -1.2018778e-08,
          -0.5174035,
          0,
          -0.42102352,
          0.5812519,
          -0.69633716,
          0,
          0.30074185,
          0.8137236,
          0.49740154,
          0,
          21.55773,
          25.813013,
          21.837135,
          1
        ]
      },
      {
        "date" : 768893253.483645,
        "title" : "Untitled",
        "transform" : [
          0.8557416,
          -1.2018778e-08,
          -0.5174035,
          0,
          -0.42102352,
          0.5812519,
          -0.69633716,
          0,
          0.30074185,
          0.8137236,
          0.49740154,
          0,
          40.452095,
          99.27988,
          40.976383,
          1
        ]
      },
      {
        "date" : 768893248.626568,
        "title" : "Untitled",
        "transform" : [
          0.8557416,
          -1.2018778e-08,
          -0.5174035,
          0,
          -0.42102352,
          0.5812519,
          -0.69633716,
          0,
          0.30074185,
          0.8137236,
          0.49740154,
          0,
          0.8935019,
          2.192884,
          0.90508235,
          1
        ]
      },
      {
        "date" : 768879682.924411,
        "title" : "Untitled",
        "transform" : [
          0.8557416,
          -1.2018778e-08,
          -0.5174035,
          0,
          -0.42102352,
          0.5812519,
          -0.69633716,
          0,
          0.30074185,
          0.8137236,
          0.49740154,
          0,
          13.947014,
          16.213453,
          13.43266,
          1
        ]
      },
      {
        "date" : 768879671.557017,
        "title" : "Untitled",
        "transform" : [
          0.8557416,
          -1.2018778e-08,
          -0.5174035,
          0,
          -0.42102352,
          0.5812519,
          -0.69633716,
          0,
          0.30074185,
          0.8137236,
          0.49740154,
          0,
          11.797253,
          19.144958,
          9.936666,
          1
        ]
      },
      {
        "date" : 768879500.706972,
        "title" : "Untitled",
        "transform" : [
          0.8557416,
          -1.2018778e-08,
          -0.5174035,
          0,
          -0.42102352,
          0.5812519,
          -0.69633716,
          0,
          0.30074185,
          0.8137236,
          0.49740154,
          0,
          17.399353,
          14.328888,
          14.428344,
          1
        ]
      },
      {
        "date" : 768879474.629626,
        "title" : "Untitled",
        "transform" : [
          0.881279,
          -1.21497425e-08,
          -0.4725964,
          0,
          -0.3864861,
          0.5755124,
          -0.7207038,
          0,
          0.27198517,
          0.817793,
          0.50718707,
          0,
          22.460262,
          40.16951,
          20.370672,
          1
        ]
      },
      {
        "date" : 768879470.173141,
        "title" : "Untitled",
        "transform" : [
          0.881279,
          -1.21497425e-08,
          -0.4725964,
          0,
          -0.3864861,
          0.5755124,
          -0.7207038,
          0,
          0.27198517,
          0.817793,
          0.50718707,
          0,
          36.901306,
          100.48846,
          33.468193,
          1
        ]
      },
      {
        "date" : 768879461.069339,
        "title" : "Untitled",
        "transform" : [
          0.881279,
          -1.21497425e-08,
          -0.4725964,
          0,
          -0.3864861,
          0.5755124,
          -0.7207038,
          0,
          0.27198517,
          0.817793,
          0.50718707,
          0,
          18.940775,
          51.57891,
          17.17862,
          1
        ]
      },
      {
        "date" : 768879399.186342,
        "title" : "Untitled",
        "transform" : [
          0.8812789,
          -1.2149741e-08,
          -0.47259635,
          0,
          -0.38648605,
          0.57551235,
          -0.7207037,
          0,
          0.27198514,
          0.8177929,
          0.507187,
          0,
          30.263794,
          82.41339,
          27.448202,
          1
        ]
      }
    ],
    "1CC5162A-D388-4AE4-9CD2-424BBDC6D1AB" : [
      {
        "date" : 774400904.616627,
        "title" : "Untitled",
        "transform" : [
          0.5797345,
          3.274934e-08,
          0.81480545,
          0,
          0.509002,
          0.7808716,
          -0.36215517,
          0,
          -0.63625854,
          0.6246914,
          0.45269814,
          0,
          -899.81,
          1730.9791,
          1023.6199,
          1
        ]
      },
      {
        "date" : 774400895.560508,
        "title" : "Untitled",
        "transform" : [
          0.5797345,
          3.274934e-08,
          0.81480545,
          0,
          0.509002,
          0.7808716,
          -0.36215517,
          0,
          -0.63625854,
          0.6246914,
          0.45269814,
          0,
          -1531.3491,
          1006.08997,
          1136.2991,
          1
        ]
      },
      {
        "date" : 774400887.07928,
        "title" : "Untitled",
        "transform" : [
          0.7827991,
          3.1203772e-08,
          0.62227446,
          0,
          0.33760297,
          0.840036,
          -0.42469257,
          0,
          -0.5227329,
          0.5425307,
          0.65757936,
          0,
          -878.61615,
          386.41125,
          1148.2365,
          1
        ]
      },
      {
        "date" : 774400885.428984,
        "title" : "Untitled",
        "transform" : [
          0.7827991,
          -6.936432e-09,
          0.6222744,
          0,
          0.33760285,
          0.840036,
          -0.42469263,
          0,
          -0.522733,
          0.54253024,
          0.6575798,
          0,
          -170.93279,
          -232.49709,
          221.42148,
          1
        ]
      },
      {
        "date" : 771875961.99741,
        "title" : "Untitled",
        "transform" : [
          0.7827991,
          -6.936432e-09,
          0.6222744,
          0,
          0.33760285,
          0.840036,
          -0.42469263,
          0,
          -0.52273303,
          0.5425303,
          0.65757984,
          0,
          -20.690102,
          40.175255,
          46.7083,
          1
        ]
      },
      {
        "date" : 770235505.891607,
        "title" : "Untitled",
        "transform" : [
          0.8205822,
          -8.562324e-09,
          0.57152843,
          0,
          0.24997185,
          0.8992795,
          -0.35890177,
          0,
          -0.5139638,
          0.43737406,
          0.73793304,
          0,
          -20.25557,
          33.9265,
          51.599434,
          1
        ]
      },
      {
        "date" : 770076976.06472,
        "title" : "Untitled",
        "transform" : [
          0.8205822,
          -8.562324e-09,
          0.57152843,
          0,
          0.24997185,
          0.8992795,
          -0.35890177,
          0,
          -0.5139638,
          0.43737406,
          0.73793304,
          0,
          -20.25557,
          33.9265,
          51.599434,
          1
        ]
      },
      {
        "date" : 770076972.532102,
        "title" : "Untitled",
        "transform" : [
          0.8205822,
          -8.562324e-09,
          0.57152843,
          0,
          0.24997185,
          0.8992795,
          -0.35890177,
          0,
          -0.51396376,
          0.437374,
          0.737933,
          0,
          -15.681167,
          28.528324,
          57.98497,
          1
        ]
      },
      {
        "date" : 770076957.865677,
        "title" : "Untitled",
        "transform" : [
          0.94910175,
          4.1365387e-09,
          0.31496957,
          0,
          0.030920908,
          0.9951695,
          -0.09317472,
          0,
          -0.313448,
          0.09817094,
          0.9445172,
          0,
          -26.547775,
          53.363754,
          67.55481,
          1
        ]
      },
      {
        "date" : 770076954.966201,
        "title" : "Untitled",
        "transform" : [
          0.94910175,
          4.1365387e-09,
          0.31496957,
          0,
          0.030920908,
          0.9951695,
          -0.09317472,
          0,
          -0.313448,
          0.09817094,
          0.9445172,
          0,
          -3.1437378,
          58.358734,
          40.45163,
          1
        ]
      }
    ],
    "1F691A1F-87FE-4486-A89A-33C832239C58" : [
      {
        "date" : 769466717.953788,
        "title" : "Untitled",
        "transform" : [
          0.9857079,
          -4.683556e-10,
          -0.16846366,
          0,
          -0.05483976,
          0.94553226,
          -0.3208763,
          0,
          0.15928783,
          0.32552874,
          0.9320186,
          0,
          0.41196603,
          0.841915,
          2.4104795,
          1
        ]
      }
    ],
    "2462B4D1-3729-4740-A527-08AF2D4079AE" : [
      {
        "date" : 774310664.913747,
        "title" : "Untitled",
        "transform" : [
          1,
          0,
          -0,
          0,
          -0,
          0.7071069,
          -0.7071067,
          0,
          0,
          0.7071067,
          0.7071069,
          0,
          -7.450581e-09,
          0.2009461,
          0.20094612,
          1
        ]
      },
      {
        "date" : 769546155.398605,
        "title" : "Untitled",
        "transform" : [
          1,
          0,
          0,
          0,
          0,
          0.7071069,
          -0.7071067,
          0,
          0,
          0.7071067,
          0.7071069,
          0,
          0.039235167,
          0.81369996,
          0.7006688,
          1
        ]
      },
      {
        "date" : 768959774.74323,
        "title" : "Untitled",
        "transform" : [
          1,
          0,
          0,
          0,
          0,
          0.7071069,
          -0.7071067,
          0,
          0,
          0.7071067,
          0.7071069,
          0,
          -4.2374748e-07,
          0.75718457,
          0.7571842,
          1
        ]
      },
      {
        "date" : 768867167.675584,
        "title" : "Untitled",
        "transform" : [
          1,
          0,
          -0,
          0,
          -0,
          0.7071069,
          -0.7071067,
          0,
          0,
          0.7071067,
          0.7071069,
          0,
          -1.1920929e-07,
          0.21301234,
          0.21301222,
          1
        ]
      },
      {
        "date" : 768866934.600667,
        "title" : "Untitled",
        "transform" : [
          1,
          0,
          0,
          0,
          0,
          0.7071069,
          -0.70710677,
          0,
          0,
          0.70710677,
          0.7071069,
          0,
          -0.029979229,
          1.5909787,
          2.0666022,
          1
        ]
      }
    ],
    "262C6CA9-A585-497F-BAA6-16A531D55F94" : [
      {
        "date" : 770073268.058578,
        "title" : "Untitled",
        "transform" : [
          1,
          0,
          0,
          0,
          0,
          0.7071069,
          -0.70710677,
          0,
          0,
          0.70710677,
          0.7071069,
          0,
          0.22196808,
          2.4995234,
          1.6912105,
          1
        ]
      }
    ],
    "324C4066-3FF1-4B99-AD52-D10182247D78" : [
      {
        "date" : 774230133.389502,
        "title" : "Untitled",
        "transform" : [
          -0.38234538,
          8.997418e-09,
          -0.9240195,
          0,
          -0.044524644,
          0.99883837,
          0.018423637,
          0,
          0.92294616,
          0.048185825,
          -0.38190123,
          0,
          50.727764,
          7.536413,
          -28.136986,
          1
        ]
      },
      {
        "date" : 774230120.789981,
        "title" : "Untitled",
        "transform" : [
          0.97455716,
          8.717834e-09,
          0.22413881,
          0,
          0.010468496,
          0.99890876,
          -0.045517135,
          0,
          -0.2238942,
          0.046705443,
          0.9734937,
          0,
          4.281425,
          8.174462,
          58.312252,
          1
        ]
      },
      {
        "date" : 774229968.300185,
        "title" : "Untitled",
        "transform" : [
          0.97455716,
          8.717834e-09,
          0.22413881,
          0,
          0.010468496,
          0.99890876,
          -0.045517135,
          0,
          -0.2238942,
          0.046705443,
          0.9734937,
          0,
          -2.5879936,
          8.259867,
          50.910583,
          1
        ]
      },
      {
        "date" : 774229956.052833,
        "title" : "Untitled",
        "transform" : [
          0.97455716,
          8.717834e-09,
          0.22413881,
          0,
          0.010468496,
          0.99890876,
          -0.045517135,
          0,
          -0.22389422,
          0.046705447,
          0.9734938,
          0,
          -6.2317405,
          3.4174654,
          50.304874,
          1
        ]
      },
      {
        "date" : 774229822.520116,
        "title" : "Untitled",
        "transform" : [
          1,
          0,
          0,
          0,
          0,
          0.7071069,
          -0.70710677,
          0,
          0,
          0.70710677,
          0.7071069,
          0,
          0,
          51.82272,
          51.822727,
          1
        ]
      }
    ],
    "3CC0A643-31A5-41A0-A9AC-BE27D8566D43" : [
      {
        "date" : 768982119.684084,
        "title" : "Untitled",
        "transform" : [
          1,
          0,
          0,
          0,
          0,
          0.7071069,
          -0.70710677,
          0,
          0,
          0.70710677,
          0.7071069,
          0,
          0,
          0.03764181,
          0.037641816,
          1
        ]
      },
      {
        "date" : 768982117.179354,
        "title" : "Untitled",
        "transform" : [
          1,
          0,
          0,
          0,
          0,
          0.7071069,
          -0.70710677,
          0,
          0,
          0.70710677,
          0.7071069,
          0,
          0,
          0.36168268,
          0.36168274,
          1
        ]
      }
    ],
    "3FCF8B09-E7DF-42B3-A94F-C896653BE0A4" : [
      {
        "date" : 770314367.856752,
        "title" : "Untitled",
        "transform" : [
          1,
          0,
          0,
          0,
          0,
          0.7071069,
          -0.70710677,
          0,
          0,
          0.70710677,
          0.7071069,
          0,
          -0.02051425,
          1.8747252,
          1.7828555,
          1
        ]
      },
      {
        "date" : 770252128.229834,
        "title" : "Untitled",
        "transform" : [
          1,
          0,
          0,
          0,
          0,
          0.7071069,
          -0.70710677,
          0,
          0,
          0.70710677,
          0.7071069,
          0,
          -0.02051425,
          1.8747252,
          1.7828555,
          1
        ]
      }
    ],
    "4454512A-15AB-4952-9D95-129FE199CA5F" : [
      {
        "date" : 774394760.743796,
        "title" : "Untitled",
        "transform" : [
          1,
          0,
          0,
          0,
          0,
          0.7071069,
          -0.70710677,
          0,
          0,
          0.70710677,
          0.7071069,
          0,
          0,
          1.8287902,
          1.8287904,
          1
        ]
      }
    ],
    "4AD00447-989D-48E7-AE69-54EC0BFCA859" : [
      {
        "date" : 768982743.377955,
        "title" : "Untitled",
        "transform" : [
          0.2165262,
          4.1575636e-09,
          -0.97627676,
          0,
          -0.55343807,
          0.823796,
          -0.12274577,
          0,
          0.8042529,
          0.5668865,
          0.17837334,
          0,
          1.8537527,
          2.112188,
          0.44002584,
          1
        ]
      },
      {
        "date" : 768966950.634806,
        "title" : "Untitled",
        "transform" : [
          0.4444516,
          -1.0433556e-09,
          -0.895803,
          0,
          -0.24686015,
          0.9612798,
          -0.12247937,
          0,
          0.8611173,
          0.27557427,
          0.42724228,
          0,
          3.7172937,
          2.3528929,
          1.897355,
          1
        ]
      },
      {
        "date" : 768966939.7078,
        "title" : "Untitled",
        "transform" : [
          0.38946155,
          -8.674911e-10,
          -0.9210428,
          0,
          -0.12874112,
          0.99018294,
          -0.054437988,
          0,
          0.91200083,
          0.13977765,
          0.38563815,
          0,
          3.9086106,
          1.7582177,
          1.700701,
          1
        ]
      },
      {
        "date" : 768966936.756679,
        "title" : "Untitled",
        "transform" : [
          0.3894615,
          -8.6749097e-10,
          -0.9210427,
          0,
          -0.12874112,
          0.99018294,
          -0.054437988,
          0,
          0.91200083,
          0.13977765,
          0.38563815,
          0,
          1.5194181,
          1.3920395,
          0.6904364,
          1
        ]
      },
      {
        "date" : 768962052.340543,
        "title" : "Untitled",
        "transform" : [
          0.92892337,
          -1.7458497e-09,
          -0.370272,
          0,
          -0.19701228,
          0.84669757,
          -0.49425638,
          0,
          0.31350845,
          0.5320745,
          0.7865172,
          0,
          0.6631987,
          2.0885615,
          1.6129253,
          1
        ]
      },
      {
        "date" : 768962022.52351,
        "title" : "Untitled",
        "transform" : [
          0.7784719,
          -2.778524e-10,
          -0.6276795,
          0,
          -0.3210375,
          0.85930294,
          -0.39816278,
          0,
          0.53936684,
          0.51146716,
          0.6689431,
          0,
          2.5344462,
          2.403348,
          3.1433158,
          1
        ]
      },
      {
        "date" : 768961991.84258,
        "title" : "Untitled",
        "transform" : [
          1,
          0,
          0,
          0,
          0,
          0.7071069,
          -0.70710677,
          0,
          0,
          0.70710677,
          0.7071069,
          0,
          0,
          9.638766,
          9.638767,
          1
        ]
      }
    ],
    "5E8FFB51-CC3E-46F7-8947-DBB97F5706E6" : [
      {
        "date" : 769407039.637201,
        "title" : "Untitled",
        "transform" : [
          0.9992866,
          -1.0390865e-08,
          -0.03776647,
          0,
          -0.0143623995,
          0.9248645,
          -0.38002566,
          0,
          0.03492891,
          0.38029698,
          0.9242046,
          0,
          -0.16846304,
          1.6183717,
          1.0903107,
          1
        ]
      },
      {
        "date" : 769407009.226748,
        "title" : "Untitled",
        "transform" : [
          0.93230444,
          -6.7869443e-09,
          -0.36167455,
          0,
          -0.23008609,
          0.7715495,
          -0.5931033,
          0,
          0.27904987,
          0.63616914,
          0.71931905,
          0,
          0.56509686,
          3.1695788,
          1.7770473,
          1
        ]
      }
    ],
    "6C174039-A6B4-4C20-AD95-74CE103BF8A8" : [
      {
        "date" : 771886611.283654,
        "title" : "Untitled",
        "transform" : [
          -0.53568923,
          9.234898e-09,
          0.84441525,
          0,
          0.41125116,
          0.8733882,
          0.2608937,
          0,
          -0.7375019,
          0.4870249,
          -0.467865,
          0,
          -1.2336749,
          1.1490927,
          -0.2502694,
          1
        ]
      },
      {
        "date" : 771537391.640049,
        "title" : "Untitled",
        "transform" : [
          -0.08893429,
          1.6113054e-08,
          0.9960374,
          0,
          0.44232503,
          0.89598477,
          0.039494168,
          0,
          -0.8924343,
          0.4440849,
          -0.079684295,
          0,
          -6.1444945,
          3.5266156,
          0.45115247,
          1
        ]
      },
      {
        "date" : 771537378.740235,
        "title" : "Untitled",
        "transform" : [
          -0.36420298,
          1.5949635e-08,
          0.93131953,
          0,
          0.45350966,
          0.87342775,
          0.17734985,
          0,
          -0.8134401,
          0.486954,
          -0.3181055,
          0,
          -5.896239,
          3.8178747,
          -1.2365324,
          1
        ]
      },
      {
        "date" : 771537374.963381,
        "title" : "Untitled",
        "transform" : [
          -0.36420298,
          1.5949635e-08,
          0.93131953,
          0,
          0.45350966,
          0.87342775,
          0.17734985,
          0,
          -0.8134401,
          0.486954,
          -0.3181055,
          0,
          -4.683489,
          3.0326068,
          -0.9822,
          1
        ]
      },
      {
        "date" : 771537125.757009,
        "title" : "Untitled",
        "transform" : [
          -0.97104526,
          2.0642247e-08,
          -0.2388961,
          0,
          -0.067950875,
          0.9586944,
          0.27620202,
          0,
          0.22902875,
          0.284438,
          -0.93093544,
          0,
          1.1724713,
          1.1073099,
          -4.7244616,
          1
        ]
      },
      {
        "date" : 771537023.235466,
        "title" : "Untitled",
        "transform" : [
          -0.98141044,
          2.2022824e-08,
          -0.19192095,
          0,
          -0.031464208,
          0.9864696,
          0.16089715,
          0,
          0.18932456,
          0.16394494,
          -0.96813136,
          0,
          0.9629951,
          0.49808294,
          -4.8729777,
          1
        ]
      },
      {
        "date" : 771537015.991878,
        "title" : "Untitled",
        "transform" : [
          -0.99552596,
          2.1675076e-08,
          0.09449022,
          0,
          0.07371679,
          0.6255922,
          0.7766598,
          0,
          -0.05911191,
          0.7801504,
          -0.622793,
          0,
          -0.30846545,
          3.6843739,
          -3.3543398,
          1
        ]
      },
      {
        "date" : 771537008.674749,
        "title" : "Untitled",
        "transform" : [
          -0.96730864,
          1.9491475e-08,
          -0.25360233,
          0,
          -0.101407014,
          0.9165731,
          0.38679498,
          0,
          0.23244542,
          0.39986733,
          -0.88660884,
          0,
          1.2002612,
          1.6959447,
          -4.539218,
          1
        ]
      },
      {
        "date" : 771536983.891037,
        "title" : "Untitled",
        "transform" : [
          -0.8313292,
          2.1089104e-08,
          -0.55578023,
          0,
          -0.10495507,
          0.98200727,
          0.15699102,
          0,
          0.5457805,
          0.18884332,
          -0.8163711,
          0,
          3.7841363,
          0.97757554,
          -5.64251,
          1
        ]
      },
      {
        "date" : 771536929.966858,
        "title" : "Untitled",
        "transform" : [
          -0.78278023,
          1.8386451e-08,
          -0.6222983,
          0,
          -0.082825474,
          0.99110305,
          0.10418543,
          0,
          0.61676204,
          0.13309659,
          -0.77581555,
          0,
          4.2631803,
          0.5924213,
          -5.346737,
          1
        ]
      }
    ],
    "6CB067F7-B86E-454D-B282-540C0DF93B67" : [
      {
        "date" : 774311455.301116,
        "title" : "Untitled",
        "transform" : [
          -0.12273489,
          3.6576335e-08,
          0.99243945,
          0,
          0.16584007,
          0.9859394,
          0.02050944,
          0,
          -0.9784851,
          0.16710342,
          -0.12100912,
          0,
          -0.026378974,
          0.004986081,
          -0.0028898623,
          1
        ]
      },
      {
        "date" : 774310602.46922,
        "title" : "Untitled",
        "transform" : [
          -0.95159197,
          3.0603683e-08,
          -0.30736408,
          0,
          0.17629433,
          0.81915766,
          -0.5458031,
          0,
          0.25177956,
          -0.5735684,
          -0.7795038,
          0,
          0.006243096,
          -0.014425588,
          -0.020478174,
          1
        ]
      },
      {
        "date" : 771366747.957603,
        "title" : "Untitled",
        "transform" : [
          0.9998223,
          -3.53495e-11,
          -0.018849835,
          0,
          -0.01508878,
          0.59936917,
          -0.8003305,
          0,
          0.011298009,
          0.8004727,
          0.59926265,
          0,
          0.002305751,
          0.06861828,
          0.05209492,
          1
        ]
      },
      {
        "date" : 770078295.0367,
        "title" : "Untitled",
        "transform" : [
          1,
          0,
          0,
          0,
          0,
          0.7071069,
          -0.7071067,
          0,
          0,
          0.7071067,
          0.7071069,
          0,
          0.0013233606,
          0.0605081,
          0.06135702,
          1
        ]
      },
      {
        "date" : 770078291.001083,
        "title" : "Untitled",
        "transform" : [
          1,
          0,
          -0,
          0,
          -0,
          0.7071069,
          -0.7071067,
          0,
          0,
          0.7071067,
          0.7071069,
          0,
          0.00035512447,
          0.016237378,
          0.016465187,
          1
        ]
      }
    ],
    "77AE2F8E-51C3-4261-AEB2-EA5EE7BF6DCB" : [
      {
        "date" : 769539056.030677,
        "title" : "Untitled",
        "transform" : [
          0.8849595,
          1.4242403e-09,
          -0.46566796,
          0,
          -0.056991752,
          0.99248254,
          -0.10830757,
          0,
          0.46216732,
          0.12238704,
          0.87830675,
          0,
          1.1125319,
          0.8725146,
          2.237646,
          1
        ]
      }
    ],
    "7CFF08E1-FFBC-4DFC-86B5-F766B0739804" : [
      {
        "date" : 769072058.750095,
        "title" : "Untitled",
        "transform" : [
          0.9073009,
          -7.748085e-09,
          -0.42048192,
          0,
          -0.1685006,
          0.91619533,
          -0.36358464,
          0,
          0.38524356,
          0.40073213,
          0.83126485,
          0,
          0.025633719,
          0.026664319,
          0.05531153,
          1
        ]
      },
      {
        "date" : 769072036.532715,
        "title" : "Untitled",
        "transform" : [
          1,
          0,
          0,
          0,
          0,
          0.7071069,
          -0.70710677,
          0,
          0,
          0.70710677,
          0.7071069,
          0,
          0,
          0.08294619,
          0.082946196,
          1
        ]
      }
    ],
    "83C667AC-2C51-4296-82D0-F31221DF6867" : [
      {
        "date" : 768960104.723048,
        "title" : "Untitled",
        "transform" : [
          0.17518073,
          2.1278815e-08,
          -0.98453623,
          0,
          -0.92010397,
          0.35581708,
          -0.16371603,
          0,
          0.35031492,
          0.93455553,
          0.06233245,
          0,
          0.84111875,
          3.0585637,
          0.1992216,
          1
        ]
      },
      {
        "date" : 768960068.189946,
        "title" : "Untitled",
        "transform" : [
          0.15725867,
          2.0982732e-08,
          -0.98755735,
          0,
          0.44740358,
          0.89148986,
          0.07124462,
          0,
          0.8803974,
          -0.4530407,
          0.1401946,
          0,
          1.5081718,
          0.057188153,
          0.28680453,
          1
        ]
      },
      {
        "date" : 768960062.755026,
        "title" : "Untitled",
        "transform" : [
          0.43184,
          1.7940295e-08,
          -0.9019502,
          0,
          -0.17071605,
          0.98192424,
          -0.08173618,
          0,
          0.88564676,
          0.18927424,
          0.42403427,
          0,
          1.787189,
          1.3444536,
          0.93935883,
          1
        ]
      },
      {
        "date" : 768960049.87373,
        "title" : "Untitled",
        "transform" : [
          0.6092096,
          3.402852e-08,
          -0.7930091,
          0,
          0.32611036,
          0.911531,
          0.25052628,
          0,
          0.7228524,
          -0.4112316,
          0.55531347,
          0,
          1.3570383,
          0.13670862,
          1.140288,
          1
        ]
      },
      {
        "date" : 768955296.71354,
        "title" : "Untitled",
        "transform" : [
          0.99495363,
          2.9480762e-10,
          -0.100335844,
          0,
          -0.05355435,
          0.8456418,
          -0.5310575,
          0,
          0.08484817,
          0.5337509,
          0.8413743,
          0,
          0.25039792,
          1.8992673,
          1.8663938,
          1
        ]
      },
      {
        "date" : 768955294.262965,
        "title" : "Untitled",
        "transform" : [
          1,
          0,
          0,
          0,
          0,
          0.7071069,
          -0.70710677,
          0,
          0,
          0.70710677,
          0.7071069,
          0,
          -0.009489834,
          1.7549725,
          1.9026083,
          1
        ]
      }
    ],
    "83C78023-A2A0-41C3-979B-876E928FD95E" : [
      {
        "date" : 771445226.694523,
        "title" : "Untitled",
        "transform" : [
          0.81506157,
          2.324379e-09,
          0.5793742,
          0,
          0.1783888,
          0.95141906,
          -0.2509567,
          0,
          -0.5512277,
          0.30789903,
          0.7754652,
          0,
          -0.26461124,
          1.5493499,
          1.4978776,
          1
        ]
      },
      {
        "date" : 771445208.436749,
        "title" : "Untitled",
        "transform" : [
          0.705356,
          1.385477e-09,
          0.70885336,
          0,
          0.20309407,
          0.9580771,
          -0.20209196,
          0,
          -0.67913616,
          0.28651062,
          0.6757853,
          0,
          -0.30965853,
          1.1891932,
          0.40065145,
          1
        ]
      },
      {
        "date" : 771444769.918604,
        "title" : "Untitled",
        "transform" : [
          0.7040092,
          1.7026767e-09,
          0.71019095,
          0,
          0.19529282,
          0.96144813,
          -0.19359288,
          0,
          -0.6828117,
          0.2749863,
          0.6768682,
          0,
          -0.32491422,
          1.1413603,
          0.40514612,
          1
        ]
      },
      {
        "date" : 771444752.86421,
        "title" : "Untitled",
        "transform" : [
          0.7316737,
          3.2214176e-11,
          0.6816551,
          0,
          0.14038493,
          0.97856313,
          -0.15068607,
          0,
          -0.6670425,
          0.2059471,
          0.7159889,
          0,
          -0.25946236,
          0.8548059,
          0.5675204,
          1
        ]
      },
      {
        "date" : 771444748.730816,
        "title" : "Untitled",
        "transform" : [
          0.97313327,
          -8.680344e-10,
          0.23024258,
          0,
          0.056337044,
          0.9696025,
          -0.23811156,
          0,
          -0.22324379,
          0.24468544,
          0.9435525,
          0,
          -0.34540057,
          1.3256497,
          2.3155305,
          1
        ]
      },
      {
        "date" : 771371072.588342,
        "title" : "Untitled",
        "transform" : [
          0.9872157,
          2.6277878e-09,
          0.15939005,
          0,
          0.15622003,
          0.1984474,
          -0.96758157,
          0,
          -0.03163054,
          0.9801116,
          0.19591041,
          0,
          -0.08180606,
          2.5348625,
          0.50668305,
          1
        ]
      }
    ],
    "8A8E813D-D902-41C9-AD49-98227D97E375" : [
      {
        "date" : 771884494.328029,
        "title" : "Untitled",
        "transform" : [
          0.8310633,
          -3.0187024e-09,
          -0.55617803,
          0,
          -0.20640843,
          0.9285852,
          -0.3084236,
          0,
          0.51645863,
          0.3711193,
          0.771713,
          0,
          1.0155388,
          1.1082627,
          1.0796218,
          1
        ]
      }
    ],
    "8AFBF4A7-0B2E-496D-A61B-A4E8569EBEEF" : [
      {
        "date" : 774398519.760365,
        "title" : "Untitled",
        "transform" : [
          0.789464,
          -1.04747855e-08,
          0.61379683,
          0,
          0.1909351,
          0.9503863,
          -0.24558014,
          0,
          -0.5833443,
          0.31107208,
          0.75029576,
          0,
          -0.6198516,
          0.59705913,
          1.9200165,
          1
        ]
      },
      {
        "date" : 774398510.818024,
        "title" : "Untitled",
        "transform" : [
          0.91903996,
          -7.54041e-09,
          0.3941643,
          0,
          0.0959492,
          0.96991986,
          -0.22371656,
          0,
          -0.38230795,
          0.24342422,
          0.89139515,
          0,
          -0.086931154,
          0.31195354,
          1.3828713,
          1
        ]
      },
      {
        "date" : 774397129.422991,
        "title" : "Untitled",
        "transform" : [
          0.91903996,
          -7.54041e-09,
          0.3941643,
          0,
          0.0959492,
          0.96991986,
          -0.22371656,
          0,
          -0.38230795,
          0.24342422,
          0.89139515,
          0,
          -0.086931154,
          0.31195354,
          1.3828713,
          1
        ]
      },
      {
        "date" : 774396825.721188,
        "title" : "Untitled",
        "transform" : [
          0.88852197,
          -7.6362925e-09,
          0.45883396,
          0,
          0.08898735,
          0.9810129,
          -0.17232193,
          0,
          -0.45012218,
          0.19394225,
          0.8716516,
          0,
          -0.047121957,
          0.20039515,
          1.3578427,
          1
        ]
      },
      {
        "date" : 774396669.187309,
        "title" : "Untitled",
        "transform" : [
          0.67008334,
          -8.189053e-09,
          0.7422858,
          0,
          0.17145894,
          0.97295666,
          -0.15478097,
          0,
          -0.722212,
          0.23098771,
          0.65196204,
          0,
          -0.5073652,
          0.24272749,
          1.2280165,
          1
        ]
      },
      {
        "date" : 774396617.481453,
        "title" : "Untitled",
        "transform" : [
          0.1574805,
          1.0200006e-08,
          0.98752207,
          0,
          0.7622846,
          0.635724,
          -0.121561766,
          0,
          -0.6277915,
          0.77191645,
          0.10011408,
          0,
          -0.8027885,
          1.0395489,
          0.7833415,
          1
        ]
      },
      {
        "date" : 774396612.098859,
        "title" : "Untitled",
        "transform" : [
          0.9092026,
          8.657525e-09,
          0.41635394,
          0,
          0.176731,
          0.9054406,
          -0.38593188,
          0,
          -0.37698382,
          0.42447293,
          0.82322896,
          0,
          -0.4340494,
          0.6131992,
          1.7397704,
          1
        ]
      },
      {
