{
  "advancedEditorSelectedIdentifier" : "ProjectBrowser",
  "openSceneRelativePaths" : [
    "Scene.usda"
  ],
  "recentIdentifiers" : {
    "35F2C51F-4A46-4678-AB12-8C380C0B79CD" : [

    ]
  },
  "sceneCameraHistory" : {
    "35F2C51F-4A46-4678-AB12-8C380C0B79CD" : [
      {
        "date" : 749149149.932567,
        "title" : "Untitled",
        "transform" : [
          0.98646533,
          3.064919e-09,
          -0.16396974,
          0,
          -0.06067893,
          0.9290072,
          -0.36505303,
          0,
          0.15232907,
          0.3700616,
          0.9164334,
          0,
          0.09835957,
          0.25964695,
          0.54369223,
          1
        ]
      },
      {
        "date" : 749149132.252855,
        "title" : "Untitled",
        "transform" : [
          0.9935548,
          -1.1473893e-09,
          0.113352746,
          0,
          0.0029010756,
          0.9996725,
          -0.025428424,
          0,
          -0.11331562,
          0.025593309,
          0.9932293,
          0,
          -0.061111044,
          0.05235172,
          0.60515875,
          1
        ]
      },
      {
        "date" : 749149110.704399,
        "title" : "Untitled",
        "transform" : [
          0.99769396,
          -8.0297813e-10,
          0.06787313,
          0,
          -0.0025553198,
          0.99929106,
          0.0375616,
          0,
          -0.06782501,
          -0.037648488,
          0.9969867,
          0,
          -0.033560436,
          0.01380282,
          0.60940593,
          1
        ]
      },
      {
        "date" : 749140563.541725,
        "title" : "Untitled",
        "transform" : [
          1,
          0,
          0,
          0,
          0,
          0.7071069,
          -0.70710677,
          0,
          0,
          0.70710677,
          0.7071069,
          0,
          0.007879245,
          0.4568583,
          0.40485907,
          1
        ]
      },
      {
        "date" : 749140538.850262,
        "title" : "Untitled",
        "transform" : [
          1,
          0,
          0,
          0,
          0,
          0.7071069,
          -0.70710677,
          0,
          0,
          0.70710677,
          0.7071069,
          0,
          0,
          0.07576785,
          0.07576805,
          1
        ]
      }
    ]
  },
  "sceneViewportBackgroundColors" : {

  }
}